0 0
1 1
2 2
3 3
4 4
5 5
6 6
7 7
8 8
9 9
10 A
11 B
12 C
13 D
14 E
15 F
16 10
17 11
18 12
19 13
20 14
21 15
22 16
23 17
24 18
25 19
26 1A
27 1B
28 1C
29 1D
30 1E
31 1F
32 20
33 21
34 22
35 23
36 24
37 25
38 26
39 27
40 28
41 29
42 2A
43 2B
44 2C
45 2D
46 2E
47 2F
48 30
49 31
50 32
51 33
52 34
53 35
54 36
55 37
56 38
57 39
58 3A
59 3B
60 3C
61 3D
62 3E
63 3F
64 40
65 41
66 42
67 43
68 44
69 45
70 46
71 47
72 48
73 49
74 4A
75 4B
76 4C
77 4D
78 4E
79 4F
80 50
81 51
82 52
83 53
84 54
85 55
86 56
87 57
88 58
89 59
90 5A
91 5B
92 5C
93 5D
94 5E
95 5F
96 60
97 61
98 62
99 63
100 64
101 65
102 66
103 67
104 68
105 69
106 6A
107 6B
108 6C
109 6D
110 6E
111 6F
112 70
113 71
114 72
115 73
116 74
117 75
118 76
119 77
120 78
121 79
122 7A
123 7B
124 7C
125 7D
126 7E
127 7F
128 C7
129 FC
130 E9
131 E2
132 E4
133 E0
134 E5
135 E7
136 EA
137 EB
138 E8
139 EF
140 EE
141 EC
142 C4
143 C5
144 C9
145 E6
146 C6
147 F4
148 F6
149 F2
150 FB
151 F9
152 FF
153 D6
154 DC
155 A2
156 A3
157 A5
158 20A7
159 192
160 E1
161 ED
162 F3
163 FA
164 F1
165 D1
166 AA
167 BA
168 BF
169 2310
170 AC
171 BD
172 BC
173 A1
174 AB
175 BB
176 2591
177 2592
178 2593
179 2502
180 2524
181 2561
182 2562
183 2556
184 2555
185 2563
186 2551
187 2557
188 255D
189 255C
190 255B
191 2510
192 2514
193 2534
194 252C
195 251C
196 2500
197 253C
198 255E
199 255F
200 255A
201 2554
202 2569
203 2566
204 2560
205 2550
206 256C
207 2567
208 2568
209 2564
210 2565
211 2559
212 2558
213 2552
214 2553
215 256B
216 256A
217 2518
218 250C
219 2588
220 2584
221 258C
222 2590
223 2580
224 03B1
225 00DF
226 0393
227 03C0
228 03A3
229 03C3
230 00B5
231 03C4
232 03A6
233 0398
234 03A9
235 03B4
236 221E
237 03C6
238 03B5
239 2229
240 2261
241 B1
242 2265
243 2264
244 2320
245 2321
246 F7
247 2248
248 B0
249 2219
250 B7
251 221A
252 207F
253 B2
254 25A0
255 A0